#ID I L O Z T J S Perfect
1 1 2 3 4 0 0 0 0
2 1 2 3 0 4 0 0 1
3 1 2 3 0 0 4 0 1
4 1 2 3 0 0 0 4 0
5 1 2 4 3 0 0 0 1
6 1 2 0 3 4 0 0 1
7 1 2 0 3 0 4 0 1
8 1 2 0 3 0 0 4 1
9 1 2 4 0 3 0 0 1
10 1 2 0 4 3 0 0 1
11 1 2 0 0 3 4 0 1
12 1 2 0 0 3 0 4 1
13 1 2 4 0 0 3 0 0
14 1 2 0 4 0 3 0 0
15 1 2 0 0 4 3 0 1
16 1 2 0 0 0 3 4 0
17 1 2 4 0 0 0 3 0
18 1 2 0 4 0 0 3 0
19 1 2 0 0 4 0 3 1
20 1 2 0 0 0 4 3 1
21 1 3 2 4 0 0 0 0
22 1 3 2 0 4 0 0 0
23 1 3 2 0 0 4 0 1
24 1 3 2 0 0 0 4 0
25 1 4 2 3 0 0 0 1
26 1 0 2 3 4 0 0 0
27 1 0 2 3 0 4 0 1
28 1 0 2 3 0 0 4 0
29 1 4 2 0 3 0 0 1
30 1 0 2 4 3 0 0 1
31 1 0 2 0 3 4 0 1
32 1 0 2 0 3 0 4 1
33 1 4 2 0 0 3 0 1
34 1 0 2 4 0 3 0 1
35 1 0 2 0 4 3 0 1
36 1 0 2 0 0 3 4 1
37 1 4 2 0 0 0 3 0
38 1 0 2 4 0 0 3 0
39 1 0 2 0 4 0 3 0
40 1 0 2 0 0 4 3 1
41 1 3 4 2 0 0 0 1
42 1 3 0 2 4 0 0 1
43 1 3 0 2 0 4 0 1
44 1 3 0 2 0 0 4 1
45 1 4 3 2 0 0 0 1
46 1 0 3 2 4 0 0 0
47 1 0 3 2 0 4 0 1
48 1 0 3 2 0 0 4 0
49 1 4 0 2 3 0 0 1
50 1 0 4 2 3 0 0 1
51 1 0 0 2 3 4 0 1
52 1 0 0 2 3 0 4 1
53 1 4 0 2 0 3 0 1
54 1 0 4 2 0 3 0 0
55 1 0 0 2 4 3 0 1
56 1 0 0 2 0 3 4 1
57 1 4 0 2 0 0 3 1
58 1 0 4 2 0 0 3 0
59 1 0 0 2 4 0 3 0
60 1 0 0 2 0 4 3 1
61 1 3 4 0 2 0 0 1
62 1 3 0 4 2 0 0 1
63 1 3 0 0 2 4 0 1
64 1 3 0 0 2 0 4 1
65 1 4 3 0 2 0 0 1
66 1 0 3 4 2 0 0 1
67 1 0 3 0 2 4 0 1
68 1 0 3 0 2 0 4 1
69 1 4 0 3 2 0 0 1
70 1 0 4 3 2 0 0 1
71 1 0 0 3 2 4 0 1
72 1 0 0 3 2 0 4 1
73 1 4 0 0 2 3 0 1
74 1 0 4 0 2 3 0 1
75 1 0 0 4 2 3 0 1
76 1 0 0 0 2 3 4 1
77 1 4 0 0 2 0 3 1
78 1 0 4 0 2 0 3 1
79 1 0 0 4 2 0 3 1
80 1 0 0 0 2 4 3 1
81 1 3 4 0 0 2 0 0
82 1 3 0 4 0 2 0 0
83 1 3 0 0 4 2 0 1
84 1 3 0 0 0 2 4 0
85 1 4 3 0 0 2 0 1
86 1 0 3 4 0 2 0 1
87 1 0 3 0 4 2 0 1
88 1 0 3 0 0 2 4 1
89 1 4 0 3 0 2 0 1
90 1 0 4 3 0 2 0 0
91 1 0 0 3 4 2 0 1
92 1 0 0 3 0 2 4 0
93 1 4 0 0 3 2 0 1
94 1 0 4 0 3 2 0 1
95 1 0 0 4 3 2 0 1
96 1 0 0 0 3 2 4 1
97 1 4 0 0 0 2 3 1
98 1 0 4 0 0 2 3 1
99 1 0 0 4 0 2 3 1
100 1 0 0 0 4 2 3 1
101 1 3 4 0 0 0 2 0
102 1 3 0 4 0 0 2 0
103 1 3 0 0 4 0 2 0
104 1 3 0 0 0 4 2 1
105 1 4 3 0 0 0 2 0
106 1 0 3 4 0 0 2 0
107 1 0 3 0 4 0 2 0
108 1 0 3 0 0 4 2 1
109 1 4 0 3 0 0 2 1
110 1 0 4 3 0 0 2 0
111 1 0 0 3 4 0 2 0
112 1 0 0 3 0 4 2 1
113 1 4 0 0 3 0 2 1
114 1 0 4 0 3 0 2 1
115 1 0 0 4 3 0 2 1
116 1 0 0 0 3 4 2 1
117 1 4 0 0 0 3 2 1
118 1 0 4 0 0 3 2 1
119 1 0 0 4 0 3 2 1
120 1 0 0 0 4 3 2 1
121 2 1 3 4 0 0 0 0
122 2 1 3 0 4 0 0 1
123 2 1 3 0 0 4 0 1
124 2 1 3 0 0 0 4 0
125 2 1 4 3 0 0 0 1
126 2 1 0 3 4 0 0 1
127 2 1 0 3 0 4 0 1
128 2 1 0 3 0 0 4 1
129 2 1 4 0 3 0 0 1
130 2 1 0 4 3 0 0 1
131 2 1 0 0 3 4 0 1
132 2 1 0 0 3 0 4 1
133 2 1 4 0 0 3 0 0
134 2 1 0 4 0 3 0 0
135 2 1 0 0 4 3 0 1
136 2 1 0 0 0 3 4 0
137 2 1 4 0 0 0 3 0
138 2 1 0 4 0 0 3 0
139 2 1 0 0 4 0 3 1
140 2 1 0 0 0 4 3 1
141 3 1 2 4 0 0 0 0
142 3 1 2 0 4 0 0 1
143 3 1 2 0 0 4 0 1
144 3 1 2 0 0 0 4 0
145 4 1 2 3 0 0 0 0
146 0 1 2 3 4 0 0 0
147 0 1 2 3 0 4 0 0
148 0 1 2 3 0 0 4 0
149 4 1 2 0 3 0 0 1
150 0 1 2 4 3 0 0 0
151 0 1 2 0 3 4 0 0
152 0 1 2 0 3 0 4 0
153 4 1 2 0 0 3 0 1
154 0 1 2 4 0 3 0 0
155 0 1 2 0 4 3 0 1
156 0 1 2 0 0 3 4 0
157 4 1 2 0 0 0 3 0
158 0 1 2 4 0 0 3 0
159 0 1 2 0 4 0 3 0
160 0 1 2 0 0 4 3 0
161 3 1 4 2 0 0 0 1
162 3 1 0 2 4 0 0 1
163 3 1 0 2 0 4 0 1
164 3 1 0 2 0 0 4 1
165 4 1 3 2 0 0 0 1
166 0 1 3 2 4 0 0 0
167 0 1 3 2 0 4 0 0
168 0 1 3 2 0 0 4 0
169 4 1 0 2 3 0 0 1
170 0 1 4 2 3 0 0 0
171 0 1 0 2 3 4 0 0
172 0 1 0 2 3 0 4 0
173 4 1 0 2 0 3 0 1
174 0 1 4 2 0 3 0 0
175 0 1 0 2 4 3 0 0
176 0 1 0 2 0 3 4 1
177 4 1 0 2 0 0 3 1
178 0 1 4 2 0 0 3 0
179 0 1 0 2 4 0 3 0
180 0 1 0 2 0 4 3 1
181 3 1 4 0 2 0 0 1
182 3 1 0 4 2 0 0 1
183 3 1 0 0 2 4 0 1
184 3 1 0 0 2 0 4 1
185 4 1 3 0 2 0 0 1
186 0 1 3 4 2 0 0 0
187 0 1 3 0 2 4 0 1
188 0 1 3 0 2 0 4 0
189 4 1 0 3 2 0 0 1
190 0 1 4 3 2 0 0 0
191 0 1 0 3 2 4 0 1
192 0 1 0 3 2 0 4 1
193 4 1 0 0 2 3 0 1
194 0 1 4 0 2 3 0 1
195 0 1 0 4 2 3 0 1
196 0 1 0 0 2 3 4 1
197 4 1 0 0 2 0 3 1
198 0 1 4 0 2 0 3 0
199 0 1 0 4 2 0 3 1
200 0 1 0 0 2 4 3 1
201 3 1 4 0 0 2 0 0
202 3 1 0 4 0 2 0 0
203 3 1 0 0 4 2 0 1
204 3 1 0 0 0 2 4 0
205 4 1 3 0 0 2 0 0
206 0 1 3 4 0 2 0 0
207 0 1 3 0 4 2 0 0
208 0 1 3 0 0 2 4 0
209 4 1 0 3 0 2 0 0
210 0 1 4 3 0 2 0 0
211 0 1 0 3 4 2 0 0
212 0 1 0 3 0 2 4 0
213 4 1 0 0 3 2 0 1
214 0 1 4 0 3 2 0 0
215 0 1 0 4 3 2 0 0
216 0 1 0 0 3 2 4 0
217 4 1 0 0 0 2 3 0
218 0 1 4 0 0 2 3 0
219 0 1 0 4 0 2 3 0
220 0 1 0 0 4 2 3 
1
221 3 1 4 0 0 0 2 0
222 3 1 0 4 0 0 2 0
223 3 1 0 0 4 0 2 1
224 3 1 0 0 0 4 2 1
225 4 1 3 0 0 0 2 0
226 0 1 3 4 0 0 2 0
227 0 1 3 0 4 0 2 0
228 0 1 3 0 0 4 2 0
229 4 1 0 3 0 0 2 0
230 0 1 4 3 0 0 2 0
231 0 1 0 3 4 0 2 0
232 0 1 0 3 0 4 2 0
233 4 1 0 0 3 0 2 1
234 0 1 4 0 3 0 2 0
235 0 1 0 4 3 0 2 0
236 0 1 0 0 3 4 2 0
237 4 1 0 0 0 3 2 1
238 0 1 4 0 0 3 2 0
239 0 1 0 4 0 3 2 0
240 0 1 0 0 4 3 2 0
241 2 3 1 4 0 0 0 0
242 2 3 1 0 4 0 0 0
243 2 3 1 0 0 4 0 1
244 2 3 1 0 0 0 4 0
245 2 4 1 3 0 0 0 1
246 2 0 1 3 4 0 0 0
247 2 0 1 3 0 4 0 1
248 2 0 1 3 0 0 4 0
249 2 4 1 0 3 0 0 1
250 2 0 1 4 3 0 0 1
251 2 0 1 0 3 4 0 1
252 2 0 1 0 3 0 4 1
253 2 4 1 0 0 3 0 1
254 2 0 1 4 0 3 0 1
255 2 0 1 0 4 3 0 1
256 2 0 1 0 0 3 4 1
257 2 4 1 0 0 0 3 0
258 2 0 1 4 0 0 3 0
259 2 0 1 0 4 0 3 0
260 2 0 1 0 0 4 3 1
261 3 2 1 4 0 0 0 0
262 3 2 1 0 4 0 0 1
263 3 2 1 0 0 4 0 1
264 3 2 1 0 0 0 4 0
265 4 2 1 3 0 0 0 0
266 0 2 1 3 4 0 0 0
267 0 2 1 3 0 4 0 0
268 0 2 1 3 0 0 4 0
269 4 2 1 0 3 0 0 1
270 0 2 1 4 3 0 0 0
271 0 2 1 0 3 4 0 0
272 0 2 1 0 3 0 4 0
273 4 2 1 0 0 3 0 1
274 0 2 1 4 0 3 0 0
275 0 2 1 0 4 3 0 1
276 0 2 1 0 0 3 4 0
277 4 2 1 0 0 0 3 0
278 0 2 1 4 0 0 3 0
279 0 2 1 0 4 0 3 0
280 0 2 1 0 0 4 3 0
281 3 4 1 2 0 0 0 1
282 3 0 1 2 4 0 0 0
283 3 0 1 2 0 4 0 1
284 3 0 1 2 0 0 4 0
285 4 3 1 2 0 0 0 1
286 0 3 1 2 4 0 0 0
287 0 3 1 2 0 4 0 0
288 0 3 1 2 0 0 4 0
289 4 0 1 2 3 0 0 0
290 0 4 1 2 3 0 0 0
291 0 0 1 2 3 4 0 0
292 0 0 1 2 3 0 4 0
293 4 0 1 2 0 3 0 1
294 0 4 1 2 0 3 0 0
295 0 0 1 2 4 3 0 1
296 0 0 1 2 0 3 4 1
297 4 0 1 2 0 0 3 0
298 0 4 1 2 0 0 3 0
299 0 0 1 2 4 0 3 0
300 0 0 1 2 0 4 3 1
301 3 4 1 0 2 0 0 1
302 3 0 1 4 2 0 0 1
303 3 0 1 0 2 4 0 1
304 3 0 1 0 2 0 4 1
305 4 3 1 0 2 0 0 1
306 0 3 1 4 2 0 0 0
307 0 3 1 0 2 4 0 1
308 0 3 1 0 2 0 4 0
309 4 0 1 3 2 0 0 1
310 0 4 1 3 2 0 0 0
311 0 0 1 3 2 4 0 0
312 0 0 1 3 2 0 4 1
313 4 0 1 0 2 3 0 1
314 0 4 1 0 2 3 0 1
315 0 0 1 4 2 3 0 1
316 0 0 1 0 2 3 4 1
317 4 0 1 0 2 0 3 1
318 0 4 1 0 2 0 3 0
319 0 0 1 4 2 0 3 1
320 0 0 1 0 2 4 3 1
321 3 4 1 0 0 2 0 1
322 3 0 1 4 0 2 0 1
323 3 0 1 0 4 2 0 1
324 3 0 1 0 0 2 4 1
325 4 3 1 0 0 2 0 1
326 0 3 1 4 0 2 0 0
327 0 3 1 0 4 2 0 1
328 0 3 1 0 0 2 4 0
329 4 0 1 3 0 2 0 1
330 0 4 1 3 0 2 0 0
331 0 0 1 3 4 2 0 1
332 0 0 1 3 0 2 4 0
333 4 0 1 0 3 2 0 1
334 0 4 1 0 3 2 0 1
335 0 0 1 4 3 2 0 1
336 0 0 1 0 3 2 4 1
337 4 0 1 0 0 2 3 1
338 0 4 1 0 0 2 3 0
339 0 0 1 4 0 2 3 0
340 0 0 1 0 4 2 3 1
341 3 4 1 0 0 0 2 0
342 3 0 1 4 0 0 2 0
343 3 0 1 0 4 0 2 0
344 3 0 1 0 0 4 2 1
345 4 3 1 0 0 0 2 0
346 0 3 1 4 0 0 2 0
347 0 3 1 0 4 0 2 0
348 0 3 1 0 0 4 2 0
349 4 0 1 3 0 0 2 0
350 0 4 1 3 0 0 2 0
351 0 0 1 3 4 0 2 0
352 0 0 1 3 0 4 2 0
353 4 0 1 0 3 0 2 0
354 0 4 1 0 3 0 2 0
355 0 0 1 4 3 0 2 0
356 0 0 1 0 3 4 2 0
357 4 0 1 0 0 3 2 1
358 0 4 1 0 0 3 2 0
359 0 0 1 4 0 3 2 0
360 0 0 1 0 4 3 2 1
361 2 3 4 1 0 0 0 1
362 2 3 0 1 4 0 0 1
363 2 3 0 1 0 4 0 1
364 2 3 0 1 0 0 4 1
365 2 4 3 1 0 0 0 1
366 2 0 3 1 4 0 0 0
367 2 0 3 1 0 4 0 1
368 2 0 3 1 0 0 4 0
369 2 4 0 1 3 0 0 1
370 2 0 4 1 3 0 0 1
371 2 0 0 1 3 4 0 1
372 2 0 0 1 3 0 4 1
373 2 4 0 1 0 3 0 1
374 2 0 4 1 0 3 0 0
375 2 0 0 1 4 3 0 1
376 2 0 0 1 0 3 4 1
377 2 4 0 1 0 0 3 1
378 2 0 4 1 0 0 3 0
379 2 0 0 1 4 0 3 0
380 2 0 0 1 0 4 3 1
381 3 2 4 1 0 0 0 1
382 3 2 0 1 4 0 0 1
383 3 2 0 1 0 4 0 1
384 3 2 0 1 0 0 4 1
385 4 2 3 1 0 0 0 1
386 0 2 3 1 4 0 0 0
387 0 2 3 1 0 4 0 0
388 0 2 3 1 0 0 4 0
389 4 2 0 1 3 0 0 1
390 0 2 4 1 3 0 0 0
391 0 2 0 1 3 4 0 0
392 0 2 0 1 3 0 4 0
393 4 2 0 1 0 3 0 1
394 0 2 4 1 0 3 0 0
395 0 2 0 1 4 3 0 0
396 0 2 0 1 0 3 4 1
397 4 2 0 1 0 0 3 1
398 0 2 4 1 0 0 3 0
399 0 2 0 1 4 0 3 0
400 0 2 0 1 0 4 3 1
401 3 4 2 1 0 0 0 1
402 3 0 2 1 4 0 0 0
403 3 0 2 1 0 4 0 1
404 3 0 2 1 0 0 4 0
405 4 3 2 1 0 0 0 1
406 0 3 2 1 4 0 0 0
407 0 3 2 1 0 4 0 0
408 0 3 2 1 0 0 4 0
409 4 0 2 1 3 0 0 0
410 0 4 2 1 3 0 0 0
411 0 0 2 1 3 4 0 0
412 0 0 2 1 3 0 4 0
413 4 0 2 1 0 3 0 1
414 0 4 2 1 0 3 0 0
415 0 0 2 1 4 3 0 1
416 0 0 2 1 0 3 4 1
417 4 0 2 1 0 0 3 0
418 0 4 2 1 0 0 3 0
419 0 0 2 1 4 0 3 0
420 0 0 2 1 0 4 3 1
421 3 4 0 1 2 0 0 1
422 3 0 4 1 2 0 0 1
423 3 0 0 1 2 4 0 1
424 3 0 0 1 2 0 4 1
425 4 3 0 1 2 0 0 1
426 0 3 4 1 2 0 0 0
427 0 3 0 1 2 4 0 1
428 0 3 0 1 2 0 4 1
429 4 0 3 1 2 0 0 1
430 0 4 3 1 2 0 0 0
431 0 0 3 1 2 4 0 0
432 0 0 3 1 2 0 4 1
433 4 0 0 1 2 3 0 1
434 0 4 0 1 2 3 0 1
435 0 0 4 1 2 3 0 0
436 0 0 0 1 2 3 4 1
437 4 0 0 1 2 0 3 1
438 0 4 0 1 2 0 3 1
439 0 0 4 1 2 0 3 1
440 0 0 0 1 2 4 3 1
441 3 4 0 1 0 2 0 1
442 3 0 4 1 0 2 0 0
443 3 0 0 1 4 2 0 1
444 3 0 0 1 0 2 4 1
445 4 3 0 1 0 2 0 1
446 0 3 4 1 0 2 0 0
447 0 3 0 1 4 2 0 0
448 0 3 0 1 0 2 4 1
449 4 0 3 1 0 2 0 0
450 0 4 3 1 0 2 0 0
451 0 0 3 1 4 2 0 0
452 0 0 3 1 0 2 4 1
453 4 0 0 1 3 2 0 1
454 0 4 0 1 3 2 0 0
455 0 0 4 1 3 2 0 0
456 0 0 0 1 3 2 4 1
457 4 0 0 1 0 2 3 1
458 0 4 0 1 0 2 3 1
459 0 0 4 1 0 2 3 1
460 0 0 0 1 4 2 3 1
461 3 4 0 1 0 0 2 1
462 3 0 4 1 0 0 2 0
463 3 0 0 1 4 0 2 0
464 3 0 0 1 0 4 2 1
465 4 3 0 1 0 0 2 1
466 0 3 4 1 0 0 2 0
467 0 3 0 1 4 0 2 0
468 0 3 0 1 0 4 2 1
469 4 0 3 1 0 0 2 0
470 0 4 3 1 0 0 2 0
471 0 0 3 1 4 0 2 0
472 0 0 3 1 0 4 2 1
473 4 0 0 1 3 0 2 0
474 0 4 0 1 3 0 2 0
475 0 0 4 1 3 0 2 0
476 0 0 0 1 3 4 2 1
477 4 0 0 1 0 3 2 1
478 0 4 0 1 0 3 2 1
479 0 0 4 1 0 3 2 1
480 0 0 0 1 4 3 2 1
481 2 3 4 0 1 0 0 1
482 2 3 0 4 1 0 0 1
483 2 3 0 0 1 4 0 1
484 2 3 0 0 1 0 4 1
485 2 4 3 0 1 0 0 1
486 2 0 3 4 1 0 0 1
487 2 0 3 0 1 4 0 1
488 2 0 3 0 1 0 4 1
489 2 4 0 3 1 0 0 1
490 2 0 4 3 1 0 0 1
491 2 0 0 3 1 4 0 1
492 2 0 0 3 1 0 4 1
493 2 4 0 0 1 3 0 1
494 2 0 4 0 1 3 0 1
495 2 0 0 4 1 3 0 1
496 2 0 0 0 1 3 4 1
497 2 4 0 0 1 0 3 1
498 2 0 4 0 1 0 3 1
499 2 0 0 4 1 0 3 1
500 2 0 0 0 1 4 3 1
501 3 2 4 0 1 0 0 1
502 3 2 0 4 1 0 0 1
503 3 2 0 0 1 4 0 1
504 3 2 0 0 1 0 4 1
505 4 2 3 0 1 0 0 1
506 0 2 3 4 1 0 0 0
507 0 2 3 0 1 4 0 1
508 0 2 3 0 1 0 4 0
509 4 2 0 3 1 0 0 1
510 0 2 4 3 1 0 0 0
511 0 2 0 3 1 4 0 1
512 0 2 0 3 1 0 4 1
513 4 2 0 0 1 3 0 1
514 0 2 4 0 1 3 0 1
515 0 2 0 4 1 3 0 1
516 0 2 0 0 1 3 4 1
517 4 2 0 0 1 0 3 1
518 0 2 4 0 1 0 3 0
519 0 2 0 4 1 0 3 1
520 0 2 0 0 1 4 3 1
521 3 4 2 0 1 0 0 1
522 3 0 2 4 1 0 0 1
523 3 0 2 0 1 4 0 1
524 3 0 2 0 1 0 4 1
525 4 3 2 0 1 0 0 1
526 0 3 2 4 1 0 0 0
527 0 3 2 0 1 4 0 1
528 0 3 2 0 1 0 4 0
529 4 0 2 3 1 0 0 1
530 0 4 2 3 1 0 0 0
531 0 0 2 3 1 4 0 0
532 0 0 2 3 1 0 4 1
533 4 0 2 0 1 3 0 1
534 0 4 2 0 1 3 0 1
535 0 0 2 4 1 3 0 0
536 0 0 2 0 1 3 4 1
537 4 0 2 0 1 0 3 1
538 0 4 2 0 1 0 3 0
539 0 0 2 4 1 0 3 1
540 0 0 2 0 1 4 3 1
541 3 4 0 2 1 0 0 1
542 3 0 4 2 1 0 0 1
543 3 0 0 2 1 4 0 1
544 3 0 0 2 1 0 4 1
545 4 3 0 2 1 0 0 1
546 0 3 4 2 1 0 0 0
547 0 3 0 2 1 4 0 1
548 0 3 0 2 1 0 4 1
549 4 0 3 2 1 0 0 1
550 0 4 3 2 1 0 0 0
551 0 0 3 2 1 4 0 0
552 0 0 3 2 1 0 4 1
553 4 0 0 2 1 3 0 1
554 0 4 0 2 1 3 0 1
555 0 0 4 2 1 3 0 0
556 0 0 0 2 1 3 4 1
557 4 0 0 2 1 0 3 1
558 0 4 0 2 1 0 3 1
559 0 0 4 2 1 0 3 1
560 0 0 0 2 1 4 3 1
561 3 4 0 0 1 2 0 1
562 3 0 4 0 1 2 0 1
563 3 0 0 4 1 2 0 1
564 3 0 0 0 1 2 4 1
565 4 3 0 0 1 2 0 1
566 0 3 4 0 1 2 0 1
567 0 3 0 4 1 2 0 1
568 0 3 0 0 1 2 4 1
569 4 0 3 0 1 2 0 1
570 0 4 3 0 1 2 0 1
571 0 0 3 4 1 2 0 0
572 0 0 3 0 1 2 4 1
573 4 0 0 3 1 2 0 1
574 0 4 0 3 1 2 0 1
575 0 0 4 3 1 2 0 0
576 0 0 0 3 1 2 4 1
577 4 0 0 0 1 2 3 1
578 0 4 0 0 1 2 3 1
579 0 0 4 0 1 2 3 1
580 0 0 0 4 1 2 3 1
581 3 4 0 0 1 0 2 1
582 3 0 4 0 1 0 2 1
583 3 0 0 4 1 0 2 1
584 3 0 0 0 1 4 2 1
585 4 3 0 0 1 0 2 1
586 0 3 4 0 1 0 2 0
587 0 3 0 4 1 0 2 1
588 0 3 0 0 1 4 2 1
589 4 0 3 0 1 0 2 1
590 0 4 3 0 1 0 2 0
591 0 0 3 4 1 0 2 1
592 0 0 3 0 1 4 2 1
593 4 0 0 3 1 0 2 1
594 0 4 0 3 1 0 2 1
595 0 0 4 3 1 0 2 1
596 0 0 0 3 1 4 2 1
597 4 0 0 0 1 3 2 1
598 0 4 0 0 1 3 2 1
599 0 0 4 0 1 3 2 1
600 0 0 0 4 1 3 2 1
601 2 3 4 0 0 1 0 0
602 2 3 0 4 0 1 0 0
603 2 3 0 0 4 1 0 1
604 2 3 0 0 0 1 4 0
605 2 4 3 0 0 1 0 1
606 2 0 3 4 0 1 0 1
607 2 0 3 0 4 1 0 1
608 2 0 3 0 0 1 4 1
609 2 4 0 3 0 1 0 1
610 2 0 4 3 0 1 0 0
611 2 0 0 3 4 1 0 1
612 2 0 0 3 0 1 4 0
613 2 4 0 0 3 1 0 1
614 2 0 4 0 3 1 0 1
615 2 0 0 4 3 1 0 1
616 2 0 0 0 3 1 4 1
617 2 4 0 0 0 1 3 1
618 2 0 4 0 0 1 3 1
619 2 0 0 4 0 1 3 1
620 2 0 0 0 4 1 3 1
621 3 2 4 0 0 1 0 0
622 3 2 0 4 0 1 0 0
623 3 2 0 0 4 1 0 1
624 3 2 0 0 0 1 4 0
625 4 2 3 0 0 1 0 0
626 0 2 3 4 0 1 0 0
627 0 2 3 0 4 1 0 0
628 0 2 3 0 0 1 4 0
629 4 2 0 3 0 1 0 0
630 0 2 4 3 0 1 0 0
631 0 2 0 3 4 1 0 0
632 0 2 0 3 0 1 4 0
633 4 2 0 0 3 1 0 1
634 0 2 4 0 3 1 0 0
635 0 2 0 4 3 1 0 0
636 0 2 0 0 3 1 4 0
637 4 2 0 0 0 1 3 0
638 0 2 4 0 0 1 3 0
639 0 2 0 4 0 1 3 0
640 0 2 0 0 4 1 3 1
641 3 4 2 0 0 1 0 1
642 3 0 2 4 0 1 0 1
643 3 0 2 0 4 1 0 1
644 3 0 2 0 0 1 4 1
645 4 3 2 0 0 1 0 1
646 0 3 2 4 0 1 0 0
647 0 3 2 0 4 1 0 1
648 0 3 2 0 0 1 4 0
649 4 0 2 3 0 1 0 1
650 0 4 2 3 0 1 0 0
651 0 0 2 3 4 1 0 1
652 0 0 2 3 0 1 4 0
653 4 0 2 0 3 1 0 1
654 0 4 2 0 3 1 0 1
655 0 0 2 4 3 1 0 1
656 0 0 2 0 3 1 4 1
657 4 0 2 0 0 1 3 1
658 0 4 2 0 0 1 3 0
659 0 0 2 4 0 1 3 0
660 0 0 2 0 4 1 3 1
661 3 4 0 2 0 1 0 1
662 3 0 4 2 0 1 0 0
663 3 0 0 2 4 1 0 1
664 3 0 0 2 0 1 4 1
665 4 3 0 2 0 1 0 1
666 0 3 4 2 0 1 0 0
667 0 3 0 2 4 1 0 0
668 0 3 0 2 0 1 4 1
669 4 0 3 2 0 1 0 0
670 0 4 3 2 0 1 0 0
671 0 0 3 2 4 1 0 0
672 0 0 3 2 0 1 4 1
673 4 0 0 2 3 1 0 1
674 0 4 0 2 3 1 0 0
675 0 0 4 2 3 1 0 0
676 0 0 0 2 3 1 4 1
677 4 0 0 2 0 1 3 1
678 0 4 0 2 0 1 3 1
679 0 0 4 2 0 1 3 1
680 0 0 0 2 4 1 3 1
681 3 4 0 0 2 1 0 1
682 3 0 4 0 2 1 0 1
683 3 0 0 4 2 1 0 1
684 3 0 0 0 2 1 4 1
685 4 3 0 0 2 1 0 1
686 0 3 4 0 2 1 0 1
687 0 3 0 4 2 1 0 1
688 0 3 0 0 2 1 4 1
689 4 0 3 0 2 1 0 1
690 0 4 3 0 2 1 0 1
691 0 0 3 4 2 1 0 0
692 0 0 3 0 2 1 4 1
693 4 0 0 3 2 1 0 1
694 0 4 0 3 2 1 0 1
695 0 0 4 3 2 1 0 0
696 0 0 0 3 2 1 4 1
697 4 0 0 0 2 1 3 1
698 0 4 0 0 2 1 3 1
699 0 0 4 0 2 1 3 1
700 0 0 0 4 2 1 3 1
701 3 4 0 0 0 1 2 1
702 3 0 4 0 0 1 2 1
703 3 0 0 4 0 1 2 1
704 3 0 0 0 4 1 2 1
705 4 3 0 0 0 1 2 1
706 0 3 4 0 0 1 2 0
707 0 3 0 4 0 1 2 0
708 0 3 0 0 4 1 2 1
709 4 0 3 0 0 1 2 1
710 0 4 3 0 0 1 2 0
711 0 0 3 4 0 1 2 0
712 0 0 3 0 4 1 2 1
713 4 0 0 3 0 1 2 1
714 0 4 0 3 0 1 2 0
715 0 0 4 3 0 1 2 0
716 0 0 0 3 4 1 2 1
717 4 0 0 0 3 1 2 1
718 0 4 0 0 3 1 2 1
719 0 0 4 0 3 1 2 1
720 0 0 0 4 3 1 2 1
721 2 3 4 0 0 0 1 0
722 2 3 0 4 0 0 1 0
723 2 3 0 0 4 0 1 0
724 2 3 0 0 0 4 1 1
725 2 4 3 0 0 0 1 0
726 2 0 3 4 0 0 1 0
727 2 0 3 0 4 0 1 0
728 2 0 3 0 0 4 1 1
729 2 4 0 3 0 0 1 1
730 2 0 4 3 0 0 1 0
731 2 0 0 3 4 0 1 0
732 2 0 0 3 0 4 1 1
733 2 4 0 0 3 0 1 1
734 2 0 4 0 3 0 1 1
735 2 0 0 4 3 0 1 1
736 2 0 0 0 3 4 1 1
737 2 4 0 0 0 3 1 1
738 2 0 4 0 0 3 1 1
739 2 0 0 4 0 3 1 1
740 2 0 0 0 4 3 1 1
741 3 2 4 0 0 0 1 0
742 3 2 0 4 0 0 1 0
743 3 2 0 0 4 0 1 1
744 3 2 0 0 0 4 1 1
745 4 2 3 0 0 0 1 0
746 0 2 3 4 0 0 1 0
747 0 2 3 0 4 0 1 0
748 0 2 3 0 0 4 1 0
749 4 2 0 3 0 0 1 0
750 0 2 4 3 0 0 1 0
751 0 2 0 3 4 0 1 0
752 0 2 0 3 0 4 1 0
753 4 2 0 0 3 0 1 1
754 0 2 4 0 3 0 1 0
755 0 2 0 4 3 0 1 0
756 0 2 0 0 3 4 1 0
757 4 2 0 0 0 3 1 1
758 0 2 4 0 0 3 1 0
759 0 2 0 4 0 3 1 0
760 0 2 0 0 4 3 1 0
761 3 4 2 0 0 0 1 0
762 3 0 2 4 0 0 1 0
763 3 0 2 0 4 0 1 0
764 3 0 2 0 0 4 1 1
765 4 3 2 0 0 0 1 0
766 0 3 2 4 0 0 1 0
767 0 3 2 0 4 0 1 0
768 0 3 2 0 0 4 1 0
769 4 0 2 3 0 0 1 0
770 0 4 2 3 0 0 1 0
771 0 0 2 3 4 0 1 0
772 0 0 2 3 0 4 1 0
773 4 0 2 0 3 0 1 0
774 0 4 2 0 3 0 1 0
775 0 0 2 4 3 0 1 0
776 0 0 2 0 3 4 1 0
777 4 0 2 0 0 3 1 1
778 0 4 2 0 0 3 1 0
779 0 0 2 4 0 3 1 0
780 0 0 2 0 4 3 1 1
781 3 4 0 2 0 0 1 1
782 3 0 4 2 0 0 1 0
783 3 0 0 2 4 0 1 0
784 3 0 0 2 0 4 1 1
785 4 3 0 2 0 0 1 1
786 0 3 4 2 0 0 1 0
787 0 3 0 2 4 0 1 0
788 0 3 0 2 0 4 1 1
789 4 0 3 2 0 0 1 0
790 0 4 3 2 0 0 1 0
791 0 0 3 2 4 0 1 0
792 0 0 3 2 0 4 1 1
793 4 0 0 2 3 0 1 0
794 0 4 0 2 3 0 1 0
795 0 0 4 2 3 0 1 0
796 0 0 0 2 3 4 1 1
797 4 0 0 2 0 3 1 1
798 0 4 0 2 0 3 1 1
799 0 0 4 2 0 3 1 1
800 0 0 0 2 4 3 1 1
801 3 4 0 0 2 0 1 1
802 3 0 4 0 2 0 1 1
803 3 0 0 4 2 0 1 1
804 3 0 0 0 2 4 1 1
805 4 3 0 0 2 0 1 1
806 0 3 4 0 2 0 1 0
807 0 3 0 4 2 0 1 1
808 0 3 0 0 2 4 1 1
809 4 0 3 0 2 0 1 1
810 0 4 3 0 2 0 1 0
811 0 0 3 4 2 0 1 1
812 0 0 3 0 2 4 1 1
813 4 0 0 3 2 0 1 1
814 0 4 0 3 2 0 1 1
815 0 0 4 3 2 0 1 1
816 0 0 0 3 2 4 1 1
817 4 0 0 0 2 3 1 1
818 0 4 0 0 2 3 1 1
819 0 0 4 0 2 3 1 1
820 0 0 0 4 2 3 1 1
821 3 4 0 0 0 2 1 1
822 3 0 4 0 0 2 1 1
823 3 0 0 4 0 2 1 1
824 3 0 0 0 4 2 1 1
825 4 3 0 0 0 2 1 1
826 0 3 4 0 0 2 1 0
827 0 3 0 4 0 2 1 0
828 0 3 0 0 4 2 1 
1
829 4 0 3 0 0 2 1 1
830 0 4 3 0 0 2 1 0
831 0 0 3 4 0 2 1 0
832 0 0 3 0 4 2 1 
1
833 4 0 0 3 0 2 1 1
834 0 4 0 3 0 2 1 0
835 0 0 4 3 0 2 1 0
836 0 0 0 3 4 2 1 
1
837 4 0 0 0 3 2 1 1
838 0 4 0 0 3 2 1 
1
839 0 0 4 0 3 2 1 
1
840 0 0 0 4 3 2 1 
1
